901,0.92318625
903,0.9267255
905,0.9283095
907,0.91829625
909,0.91964625
911,0.9102255
913,0.906369
915,0.906561
917,0.901032
919,0.88704225
921,0.88690725
923,0.89093325
925,0.886608
927,0.885744
929,0.885726
931,0.88590825
933,0.885117675
935,0.889533
937,0.88104525
939,0.884349
941,0.883857
943,0.8840115
945,0.8781225
947,0.87566025
949,0.87436275
951,0.8738175
953,0.87182325
955,0.86790525
957,0.87467625
959,0.879798
961,0.876630075
963,0.87433725
965,0.87677325
967,0.880061175
969,0.873674925
971,0.8785485
973,0.8721345
975,0.87151125
977,0.86539725
979,0.85484025
981,0.843687
983,0.839358
985,0.83862375
987,0.834859425
989,0.8430135
991,0.836634
993,0.841002825
995,0.843914925
997,0.837663675
999,0.8376075
1001,0.8321775
1003,0.83328225
1005,0.82469475
1007,0.828201
1009,0.82182975
1011,0.82022775
1013,0.82409475
1015,0.81669525
1017,0.8203395
1019,0.81802725
1021,0.82036725
1023,0.8170155
1025,0.82473525
1027,0.82257375
1029,0.8240115
1031,0.83099475
1033,0.8200635
1035,0.82823325
1037,0.82117725
1039,0.82453875
1041,0.8209725
1043,0.82042125
1045,0.822978825
1047,0.81648225
1049,0.825049425
1051,0.81483
1053,0.82205325
1055,0.81939825
1057,0.81560775
1059,0.82019925
1061,0.816935925
1063,0.82067025
1065,0.817368
1067,0.82639725
1069,0.81998475
1071,0.82467675
1073,0.826947
1075,0.82018575
1077,0.8261385
1079,0.82034775
1081,0.8228775
1083,0.816104325
1085,0.8155575
1087,0.808247175
1089,0.806253825
1091,0.80344725
1093,0.795009
1095,0.79855275
1097,0.7899255
1099,0.79380225
1101,0.79472475
1103,0.7938225
1105,0.7958445
1107,0.79483725
1109,0.795107925
1111,0.78524175
1113,0.784089
1115,0.76928775
1117,0.76274025
1119,0.756261
1121,0.746811525
1123,0.74618175
1125,0.740097075
1127,0.7398756
1129,0.73775595
1131,0.7383708
1133,0.738116775
1135,0.7398747
1137,0.7416174
1139,0.74215335
1141,0.746356425
1143,0.745668075
1145,0.748232775
1147,0.74923635
1149,0.75065625
1151,0.752916
1153,0.75382875
1155,0.757683
1157,0.7570455
1159,0.76047375
1161,0.763859925
1163,0.762852
1165,0.767613675
1167,0.763761825
1169,0.76586625
1171,0.763769175
1173,0.76077075
1175,0.760617
1177,0.757197675
1179,0.7584135
1181,0.75748275
1183,0.762819675
1185,0.761301075
1187,0.76478625
1189,0.7677735
1191,0.7657125
1193,0.77436
1195,0.770666925
1197,0.775437
1199,0.77552175
1201,0.775851075
1203,0.77849175
1205,0.778093425
1207,0.780144
1209,0.7748535
1211,0.7787925
1213,0.768229575
1215,0.7722975
1217,0.76940325
1219,0.76274325
1221,0.7690485
1223,0.759992175
1225,0.765728175
1227,0.762341325
1229,0.76544775
1231,0.76745925
1233,0.77086275
1235,0.772011
1237,0.772608
1239,0.777238425
1241,0.7689135
1243,0.777117075
1245,0.764709
1247,0.764115
1249,0.7623555
1251,0.749517375
1253,0.7551435
1255,0.743683875
1257,0.747251175
1259,0.744253875
1261,0.7461702
1263,0.7463124
1265,0.75211275
1267,0.754644
1269,0.755883
1271,0.766930425
1273,0.760761
1275,0.77706975
1277,0.77375325
1279,0.78152025
1281,0.792407925
1283,0.789864
1285,0.80679825
1287,0.80480925
1289,0.814108425
1291,0.81184575
1293,0.81145275
1295,0.801675
1297,0.79107525
1299,0.7734705
1301,0.75157425
1303,0.738849375
1305,0.7146345
1307,0.715140375
1309,0.704775225
1311,0.707568375
1313,0.717710925
1315,0.7219032
1317,0.742235925
1319,0.752304
1321,0.77125125
1323,0.7809645
1325,0.789387825
1327,0.78173625
1329,0.7573455
1331,0.7191147
1333,0.671997
1335,0.6416493
1337,0.61328025
1339,0.606779475
1341,0.601634625
1343,0.603682875
1345,0.608670375
1347,0.609629625
1349,0.620952225
1351,0.621314175
1353,0.6294882
1355,0.632778975
1357,0.637098525
1359,0.64630365
1361,0.65010855
1363,0.6569622
1365,0.65482275
1367,0.6524985
1369,0.640605675
1371,0.624653325
1373,0.605183325
1375,0.593619225
1377,0.58754505
1379,0.583200225
1381,0.591721125
1383,0.589831275
1385,0.5970468
1387,0.60279195
1389,0.606791325
1391,0.61197645
1393,0.615914025
1395,0.6214062
1397,0.62417055
1399,0.62853315
1401,0.63157305
1403,0.631253475
1405,0.6361446
1407,0.636465
1409,0.639484875
1411,0.638106975
1413,0.639571575
1415,0.6315945
1417,0.631574025
1419,0.630545475
1421,0.629549325
1423,0.6342318
1425,0.6281709
1427,0.640860225
1429,0.63651915
1431,0.641847975
1433,0.649012875
1435,0.648217425
1437,0.65957685
1439,0.6558852
1441,0.665854575
1443,0.666667575
1445,0.663042
1447,0.669449625
1449,0.6715929
1451,0.667293675
1453,0.666161925
1455,0.6676338
1457,0.671678025
1459,0.678491025
1461,0.6760191
1463,0.68954835
1465,0.683842725
1467,0.684552525
1469,0.67834665
1471,0.66565455
1473,0.665406375
1475,0.649519875
1477,0.6459492
1479,0.6402924
1481,0.64392525
1483,0.64600185
1485,0.6487449
1487,0.663447225
1489,0.6508077
1491,0.6685011
1493,0.66040395
1495,0.65745075
1497,0.65060865
1499,0.64086975
1501,0.6386421
1503,0.63214485
1505,0.636282225
1507,0.64425255
1509,0.6531882
1511,0.6558045
1513,0.6676464
1515,0.66269025
1517,0.671091525
1519,0.662922375
1521,0.656602875
1523,0.675333675
1525,0.679524675
1527,0.686513625
1529,0.683881725
1531,0.6885144
1533,0.7030206
1535,0.69071655
1537,0.714246675
1539,0.706751325
1541,0.72556215
1543,0.700604925
1545,0.710164125
1547,0.7294578
1549,0.727203225
1551,0.7499862
1553,0.7256913
1555,0.73856325
1557,0.7528755
1559,0.76470075
1561,0.75935325
1563,0.7527225
1565,0.731408925
1567,0.724239375
1569,0.7304031
1571,0.717065925
1573,0.72173445
1575,0.72676995
1577,0.72343395
1579,0.7276296
1581,0.7313325
1583,0.73820205
1585,0.747661725
1587,0.7544295
1589,0.741945975
1591,0.7539195
1593,0.755921925
1595,0.752353425
1597,0.756547575
1599,0.759684
1601,0.7629195
1603,0.76614
1605,0.769256325
1607,0.772251
1609,0.775050075
1611,0.77751375
1613,0.77950275
1615,0.78094275
1617,0.781851
1619,0.78233025
1621,0.78261075
1623,0.782988075
1625,0.78366975
1627,0.784704
1629,0.78606525
1631,0.787734
1633,0.78962025
1635,0.791637
1637,0.7937235
1639,0.79579875
1641,0.7978995
1643,0.8000265
1645,0.80204925
1647,0.803897325
1649,0.8055825
1651,0.80718375
